# Dummy results for 1 epoch

tensor([[[-4.4527e-02],
         [-1.6290e-02],
         [-2.7630e-02],
         [-7.9776e-02],
         [-3.4894e-02],
         [-4.3119e-02],
         [-2.2766e-02],
         [ 4.7520e-02],
         [-3.1032e-02],
         [-4.7427e-02]],

        [[ 1.9358e-02],
         [-4.1087e-02],
         [-1.1631e-01],
         [-2.9666e-02],
         [-8.1175e-02],
         [ 1.4036e-02],
         [-8.3170e-02],
         [ 1.4383e-02],
         [ 4.2388e-02],
         [ 7.6427e-02]],

        [[-1.2625e-01],
         [-2.0519e-01],
         [-2.2321e-01],
         [-1.3209e-01],
         [-1.7974e-01],
         [-4.9679e-02],
         [-2.7496e-02],
         [-5.3943e-02],
         [-1.0464e-01],
         [-1.2987e-01]],

        [[-1.4961e-02],
         [-8.8152e-02],
         [-5.2173e-02],
         [-7.7531e-02],
         [-7.5771e-02],
         [-7.1224e-02],
         [-4.7546e-02],
         [-6.5672e-02],
         [-9.3230e-02],
         [-6.1392e-02]],

        [[-1.3307e-03],
         [ 5.5969e-02],
         [-6.9547e-02],
         [ 1.9152e-02],
         [ 3.0584e-02],
         [-5.5302e-02],
         [-2.6642e-02],
         [-2.6025e-02],
         [-3.6980e-02],
         [ 7.2753e-02]],

        [[ 6.3078e-03],
         [-3.5518e-02],
         [-2.1128e-02],
         [-9.4341e-02],
         [-1.7559e-02],
         [ 5.9225e-03],
         [-3.8414e-02],
         [-2.7799e-02],
         [-3.0763e-02],
         [-1.3458e-02]],

        [[-6.9908e-02],
         [-1.0625e-02],
         [-6.2823e-02],
         [-9.0683e-02],
         [-1.4583e-03],
         [-4.4100e-02],
         [-8.8880e-02],
         [-1.2114e-01],
         [-9.4289e-02],
         [-1.6736e-01]],

        [[-9.4452e-02],
         [-2.7906e-02],
         [ 3.6081e-02],
         [-4.5250e-02],
         [-1.0996e-01],
         [-1.0530e-01],
         [ 5.1016e-02],
         [ 2.5970e-03],
         [-7.4965e-02],
         [-1.0166e-01]],

        [[ 2.7965e-02],
         [-2.8763e-02],
         [-1.8287e-04],
         [ 8.2975e-03],
         [ 8.3406e-02],
         [ 5.7361e-02],
         [ 8.1296e-03],
         [ 1.2910e-02],
         [ 5.8369e-02],
         [-7.5464e-02]],

        [[-7.6591e-03],
         [-6.0958e-02],
         [ 2.8467e-02],
         [ 4.7731e-02],
         [ 3.6389e-02],
         [ 1.0370e-02],
         [-1.0706e-01],
         [-1.6619e-01],
         [-1.7286e-01],
         [-1.6302e-01]]], device='cuda:0')